.02
0
0
.02
0
0
0
.05
.02
0
0
0
0
.01
0
0
.01
.09
.01
0
0
0
0
0
0
0
0
0
0
0
0
.01
0
0
0
0
0
0
0
0
0
0
0
0
.03
.18
0
0
0
0
.03
0
0
.02
.01
0
0
.04
0
.01
0
0
0
.01
0
0
0
.01
0
.01
.17
.04
0
0
.01
0
.03
0
0
.03
0
0
0
.02
0
0
0
0
0
0
.07
0
.05
0
0
0
0
0
.01
0
0
0
.01
.28
0
0
0
.14
0
0
.01
0
0
0
0
0
.02
0
.01
.13
0
0
0
.01
0
0
.01
.02
0
0
.01
0
0
0
0
0
0
0
0
0
.02
0
0
.02
0
0
0
0
.23
.09
.16
.01
0
0
0
.17
.10
0
0
0
0
.01
.02
0
.01
0
0
.16
.03
.04
0
0
0
0
.02
0
.02
0
.05
0
0
0
0
0
0
.02
0
0
0
0
0
0
0
0
0
.01
.01
0
0
0
.04
0
.02
0
0
0
0
0
.18
0
0
0
.11
.02
0
.01
0
0
0
0
0
0
.05
0
.04
0
0
0
0
0
0
0
0
.14
.13
.01
0
0
0
0
0
.02
0
0
.07
0
0
0
0
0
0
.08
.06
.27
0
0
0
0
0
0
0
0
0
.01
0
.03
.01
0
0
0
0
0
0
0
0
0
0
.01
.01
0
0
.01
0
.01
0
.01
0
0
.01
0
0
0
0
0
0
0
0
0
0
.04
0
0
0
0
0
0
0
.06
.01
.01
0
0
0
.02
0
.02
.01
.06
.01
.09
0
0
0
.01
0
0
0
0
0
.01
0
.05
0
.01
0
.05
0
0
.02
0
0
0
0
.01
.01
0
.02
0
0
.03
.02
0
0
0
0
.01
0
0
0
0
0
