0
0
0
.06
.02
0
0
.02
0
.02
0
0
0
0
.04
.06
.24
0
0
0
0
0
0
0
0
0
0
0
0
0
0
.06
.02
.04
0
.02
0
.02
.02
0
.02
0
.02
0
0
0
0
0
.02
0
0
.40
0
0
0
0
0
0
0
0
0
0
0
0
0
0
0
0
0
.04
0
0
.04
.04
0
0
0
0
0
0
0
0
0
.04
0
.02
0
0
0
0
0
0
0
.02
0
0
0
.86
0
0
0
.02
.02
0
0
0
.02
0
0
.04
0
0
0
0
0
0
0
0
0
.14
.08
0
.02
0
0
.36
.24
0
0
.02
0
0
0
0
0
.04
0
0
0
0
0
0
0
.02
0
0
0
0
0
0
0
.50
0
.02
0
.04
.02
0
0
.02
0
0
0
0
0
0
0
.04
0
0
0
.18
0
0
0
0
0
.04
0
0
0
0
0
0
0
0
.04
0
0
0
0
0
0
0
.02
0
0
0
0
0
0
.02
0
0
0
0
0
0
0
0
.52
0
0
.02
0
0
0
0
0
0
0
0
0
0
0
0
.08
0
0
0
0
0
0
0
0
0
0
0
0
0
.10
0
0
.02
.02
0
.22
0
0
.02
0
0
0
0
0
0
0
0
0
0
0
0
0
0
0
0
0
.02
.02
.04
0
0
0
0
0
.02
0
0
0
0
0
0
.02
0
0
0
0
0
0
0
0
0
0
.02
0
.02
0
0
0
0
0
0
0
0
0
0
0
0
0
.02
.08
0
0
0
.02
.08
0
.12
0
.02
0
0
0
0
0
.02
0
0
0
0
0
0
0
0
0
.04
0
.02
0
0
0
0
0
.04
0
0
0
0
0
0
0
0
0
0
0
0
0
