0
0
0
.02
0
0
0
0
0
0
0
0
0
0
0
0
0
0
.05
.02
.08
.02
0
0
0
0
0
0
0
0
0
0
0
0
0
0
0
0
.05
0
0
0
0
0
0
.02
0
0
0
0
0
0
0
0
.02
.02
0
0
.08
0
0
0
0
0
0
0
0
0
0
0
0
0
0
0
0
0
.02
0
0
0
.02
0
0
0
0
0
0
0
0
0
.02
0
0
0
0
0
0
0
0
0
0
0
0
0
.59
0
0
0
0
0
0
0
0
.05
0
0
.05
0
0
0
0
0
0
0
0
0
.10
.13
0
0
0
0
0
.21
.16
0
0
.02
0
0
0
.02
0
0
0
0
0
0
0
0
.05
0
0
0
0
0
0
.02
0
.02
0
0
0
0
0
0
0
0
0
0
0
0
0
0
0
0
0
.18
0
.05
0
0
0
0
0
0
0
0
0
0
0
0
0
0
0
0
0
0
0
0
0
0
0
0
0
0
0
0
0
0
0
0
0
0
0
1.32
0
.05
0
0
0
0
0
0
0
0
0
0
0
0
0
0
0
0
0
0
0
0
0
0
0
0
0
0
0
0
0
0
0
0
0
.05
0
0
0
0
0
0
.02
0
0
0
0
0
0
0
0
0
0
0
0
0
0
0
0
0
0
0
0
0
0
0
0
0
0
0
0
0
.02
0
0
0
0
0
0
0
0
0
0
0
0
0
0
0
0
0
0
0
0
0
0
0
0
0
.05
0
0
0
0
.02
0
0
0
0
0
0
0
0
0
0
0
0
0
0
0
0
0
0
.02
.02
.05
0
0
0
0
0
0
0
.05
0
0
0
0
0
0
0
0
0
0
0
0
