.01
0
0
.04
0
0
0
0
0
0
0
0
0
.01
.01
0
0
.02
.03
.02
0
0
0
0
0
0
0
0
0
0
0
0
0
0
.01
0
0
0
0
0
0
.01
.01
0
0
.08
0
0
0
.09
.03
0
.03
0
0
.02
0
.13
0
0
0
.02
.04
.05
.01
0
0
0
.14
.05
.02
0
0
0
.02
0
.07
0
0
0
0
0
0
.04
0
0
0
0
0
0
0
0
0
.01
0
0
0
0
.12
0
.01
0
0
.01
.01
0
0
0
0
0
0
0
0
0
0
0
.38
0
0
.02
0
0
0
.01
0
0
0
0
0
0
.11
.02
0
0
0
.05
0
.22
.03
0
.09
0
0
0
0
0
0
0
.02
0
.11
0
.07
0
0
0
0
0
0
0
.01
.01
.01
0
0
0
0
.02
0
.03
.06
0
0
.10
0
0
.03
0
.03
0
0
.01
.02
0
0
.07
0
0
0
0
0
0
0
0
0
0
0
0
0
0
.03
.05
0
0
0
0
0
0
0
0
0
0
0
0
0
.04
.03
0
0
0
.01
.16
.01
0
.02
0
.11
0
0
.08
.01
.02
.02
0
0
.02
0
0
0
0
0
0
0
0
0
0
0
0
0
0
0
0
0
0
0
0
0
0
0
0
0
.03
0
0
.02
0
0
0
.26
0
0
0
0
0
0
.05
.01
0
0
0
.02
0
0
.02
0
0
0
0
0
0
0
0
0
0
.01
.01
0
0
0
0
0
0
0
0
0
0
0
.01
0
.01
.02
0
0
.03
.01
.04
.01
.06
0
.13
0
.02
0
.06
0
0
0
0
0
.01
0
0
0
0
0
0
0
0
.02
0
.09
0
0
0
0
.03
.01
0
0
0
.01
0
0
0
0
0
0
0
0
0
0
