0
0
0
0
0
.02
0
0
0
0
0
0
0
0
0
0
0
0
0
0
0
0
0
0
0
0
0
0
0
.03
0
0
0
0
0
0
0
0
0
0
0
0
0
0
0
.01
0
0
0
0
.01
0
0
0
0
0
0
0
0
.02
0
.01
.04
.01
0
0
0
0
0
0
0
0
0
0
0
0
0
0
0
0
0
0
0
0
0
0
0
0
0
0
0
0
0
0
0
0
0
0
0
0
.01
0
.01
.01
.09
0
0
0
0
0
0
0
0
0
0
0
.01
0
0
0
0
0
0
0
0
0
0
0
0
0
0
0
0
0
.02
0
0
0
0
0
.01
.01
0
0
0
0
0
0
0
0
.08
0
0
0
0
0
.01
0
0
0
.05
.04
0
0
.02
.01
.04
0
0
.02
0
0
0
0
0
0
0
0
.01
0
0
0
.01
0
0
0
0
0
0
0
0
0
0
0
0
0
0
0
0
0
0
0
0
0
0
0
0
0
.02
0
0
0
.01
0
0
0
0
0
0
0
0
0
0
0
0
0
0
0
0
.03
0
0
0
0
0
0
0
0
0
0
0
0
0
0
0
0
0
0
0
0
0
0
0
0
0
0
0
0
0
0
0
0
0
0
0
0
0
0
.01
0
0
0
0
0
0
0
0
0
0
0
0
0
0
0
0
0
0
0
0
0
0
.01
0
0
0
0
0
0
0
0
0
0
0
0
0
0
0
0
.04
0
0
0
0
0
0
0
0
0
0
0
0
.04
0
0
0
0
0
0
.05
0
0
0
0
0
0
.01
0
0
.05
0
0
0
.01
0
0
.01
.04
0
0
0
.03
0
0
0
0
0
0
0
0
0
0
