0
0
0
.16
0
.02
0
0
0
.10
0
0
0
.12
0
.02
0
0
0
0
0
0
0
0
0
0
0
0
0
.04
.32
0
0
0
0
.02
0
0
0
0
0
.02
0
0
0
0
0
.04
0
0
0
.10
0
.02
0
0
.02
0
0
0
0
0
0
0
0
0
0
0
0
0
0
0
0
0
0
.02
0
0
0
0
0
0
0
0
0
0
0
0
0
.02
0
.02
0
0
0
.02
0
.02
0
0
0
.10
0
0
0
0
.02
0
0
0
0
0
.02
0
.02
0
0
.02
0
.10
0
0
0
.02
0
.04
.02
0
0
0
0
0
.26
0
0
.14
.02
0
0
0
0
0
0
.60
0
.10
.10
0
0
0
0
0
0
0
0
.06
0
0
0
0
0
0
0
.02
0
0
0
.12
0
0
0
0
0
0
0
.04
.02
0
0
0
0
0
0
0
0
0
0
.02
0
0
.06
0
0
.02
0
0
0
0
0
0
0
0
0
0
.02
0
0
0
0
0
.02
0
0
.02
0
0
.02
0
0
.10
0
0
0
0
.20
0
.06
0
0
0
0
0
0
0
0
0
0
0
0
.02
.20
0
0
.08
0
.04
.32
.02
0
0
0
0
0
0
0
0
0
.02
0
0
0
0
0
0
0
0
0
0
0
.02
0
0
0
0
0
0
0
0
0
0
0
0
0
0
0
0
0
.02
0
0
0
0
0
0
0
.02
0
0
0
0
0
0
0
.06
0
0
0
0
0
0
0
0
0
0
.04
.04
0
.02
0
0
0
.06
0
0
0
.04
0
.04
0
0
0
0
0
0
.02
0
0
.02
0
0
.04
.02
.08
0
.02
.02
0
0
0
0
0
.02
0
0
0
0
0
