0
0
0
.16
.02
.04
0
.06
0
0
0
0
0
.02
0
0
0
0
.04
.04
.16
.04
0
0
0
0
0
0
0
0
.02
0
0
0
0
0
0
0
.06
0
0
0
.02
0
0
.04
0
.02
0
0
0
0
0
0
0
0
0
0
.09
0
0
0
0
0
0
0
0
0
0
0
.02
0
0
0
0
0
.04
0
0
.06
.04
0
0
0
0
0
0
0
0
0
.04
0
.02
0
0
0
0
0
0
0
0
0
0
0
1.09
0
0
0
.04
.02
0
0
0
.04
0
0
.04
0
0
0
0
0
0
0
0
0
.16
.11
0
0
.02
0
0
.30
.13
0
0
.02
0
0
0
0
0
0
0
0
0
0
0
0
.06
0
0
0
0
0
0
0
0
.02
0
.04
.02
0
0
.02
0
.02
0
0
0
0
0
.06
0
0
0
.34
0
0
0
.02
0
.04
0
0
0
0
0
0
0
0
.04
0
0
0
0
0
0
0
.02
0
0
0
0
0
.02
0
.02
0
0
0
.02
0
0
0
0
0
.06
0
0
0
0
0
0
0
0
.02
0
0
0
.04
0
0
0
0
0
0
0
0
0
0
0
0
0
0
0
0
.06
0
0
.02
.02
0
0
0
.02
0
.02
0
0
0
0
0
0
0
0
0
0
0
0
0
0
0
0
.02
0
.02
0
0
0
0
0
0
0
0
0
0
.02
0
0
0
0
0
0
0
0
0
0
.02
0
0
0
0
0
0
0
0
0
0
0
0
0
.02
0
0
0
0
.02
0
0
.11
0
0
0
0
0
0
0
0
0
0
0
0
0
0
0
0
.02
.06
0
0
0
0
0
0
0
0
.11
0
0
0
0
0
0
0
0
0
0
0
0
