0
0
.06
.03
0
0
0
0
0
0
0
0
0
0
.03
0
0
0
0
0
0
0
0
0
0
0
0
0
0
0
0
0
0
0
0
0
0
0
0
0
0
0
0
0
0
.22
0
0
0
0
.06
0
0
0
0
0
0
.06
0
0
0
.06
0
.25
0
0
0
0
.38
.03
.19
0
0
0
0
0
.19
.03
0
0
0
.03
0
.06
.03
0
.03
0
0
0
0
0
0
.03
0
0
0
0
0
0
0
0
0
.03
0
0
0
0
0
0
0
0
0
0
0
.06
.38
0
0
.03
0
0
0
.09
0
0
0
0
0
0
0
0
0
0
0
0
0
0
0
0
.03
0
0
0
0
0
0
0
.09
0
0
0
0
0
0
0
0
0
0
0
0
.03
0
0
0
0
0
0
0
0
0
0
0
0
0
0
.06
0
.16
0
0
0
.03
0
0
.09
0
0
0
0
0
.16
0
0
0
0
0
0
0
0
.19
0
0
0
0
0
0
0
.22
0
0
0
.12
0
0
0
0
0
0
0
.03
.09
0
0
0
0
0
0
0
0
0
0
0
0
0
0
0
0
.03
0
0
0
0
0
0
0
0
0
0
0
0
0
0
0
0
0
0
0
0
0
0
.06
0
0
.03
0
0
0
0
0
0
0
0
0
0
.03
.09
0
0
0
0
0
0
0
0
0
0
0
0
0
0
.06
0
0
0
.03
.03
0
0
0
0
0
0
0
0
0
0
.03
0
0
0
0
0
.03
0
.06
.06
0
0
0
0
0
0
0
0
0
0
0
0
0
0
0
0
0
0
0
0
0
0
0
0
0
0
0
.03
.03
.25
0
0
.03
0
0
0
0
0
0
0
0
0
0
0
