.06
0
0
.53
0
0
0
0
0
0
0
0
0
0
.33
.06
0
0
0
0
0
0
0
0
0
0
0
0
0
0
0
0
0
0
0
0
0
0
0
0
0
.06
0
0
0
0
0
0
0
.06
0
0
.33
0
0
0
0
0
.06
0
0
0
0
0
0
0
0
0
0
0
0
0
0
0
0
0
0
0
0
0
0
0
0
0
0
0
0
0
0
0
0
0
0
0
0
0
0
0
.13
0
0
0
.06
.40
0
0
.13
0
0
0
0
0
0
0
0
0
.40
0
0
0
.06
0
0
0
0
0
0
0
0
0
0
0
0
0
0
.13
0
.53
.20
0
0
0
0
0
0
0
.26
0
0
0
.26
0
0
0
0
0
0
0
0
0
0
.20
0
0
0
0
0
0
0
.13
.13
0
0
.06
0
0
0
0
0
0
0
0
0
0
0
0
0
0
0
0
0
0
0
0
0
0
0
0
0
0
0
0
.06
0
0
0
0
0
0
0
0
0
0
0
0
0
0
0
0
0
0
0
0
0
.06
0
.20
0
0
.13
0
0
0
0
0
0
0
0
0
0
0
0
0
0
0
0
0
0
0
0
0
0
0
0
0
0
0
0
0
.06
0
0
0
0
0
.06
0
0
0
0
0
0
0
0
0
0
0
0
0
0
0
0
0
0
.06
0
0
0
0
0
0
0
0
0
0
0
0
0
0
0
0
0
0
0
0
0
0
.20
0
0
0
0
0
.06
0
0
0
0
0
0
0
0
0
0
0
0
0
0
0
0
0
.13
0
0
0
.20
0
0
.06
0
.20
0
0
0
0
0
0
0
0
0
.13
0
0
0
0
0
0
0
0
0
0
