0
.01
.01
0
.04
0
0
0
.01
0
0
0
0
0
0
0
0
0
.12
.21
0
0
0
0
0
0
0
0
0
.05
0
.01
0
0
.01
0
0
0
0
.01
0
0
0
0
0
.25
0
0
0
.01
.72
0
0
0
0
0
.04
.47
.01
.02
0
.01
0
.12
0
0
0
0
.07
0
.01
0
0
0
0
0
0
0
.01
.08
0
0
0
.34
0
0
0
0
0
.02
0
.08
.02
0
0
0
0
0
0
0
0
0
.01
0
0
0
0
0
0
0
0
0
0
.01
0
0
.12
0
0
0
0
0
0
.01
0
0
0
0
0
0
0
0
0
.02
0
0
0
.05
0
0
.10
.04
.01
0
0
0
.01
0
.01
.01
0
0
.05
0
0
0
0
0
0
0
.11
.17
0
0
.01
.01
0
0
0
.01
0
0
.02
0
0
.01
0
0
.17
0
0
0
.01
0
0
0
0
0
0
0
0
0
0
0
0
0
0
0
0
0
.01
0
0
0
.17
0
0
0
0
0
0
0
0
0
0
.12
.04
.01
0
.01
.01
.07
.04
0
0
0
0
.91
0
.01
0
.51
.05
0
0
0
.05
.05
.02
.08
0
0
.02
0
0
0
0
0
0
0
0
.01
0
0
.01
0
0
0
0
0
0
.01
0
0
0
.01
0
0
.01
.01
.01
.01
0
0
0
.04
.01
0
0
0
0
0
0
0
0
0
0
0
0
.04
0
.01
0
0
0
0
0
0
0
0
0
0
0
0
0
0
0
0
0
0
0
0
.04
0
0
.34
.21
0
0
0
0
.05
0
0
0
0
0
0
.02
0
.01
0
0
0
0
0
0
0
.01
0
0
0
0
0
0
0
0
0
0
.17
0
0
0
0
0
0
0
0
0
0
0
