0
0
0
0
0
0
0
0
0
0
0
0
0
0
0
0
0
0
0
0
0
0
0
0
0
0
0
0
0
0
0
0
0
0
.05
0
0
0
0
0
0
0
0
0
0
0
0
0
0
0
0
0
0
0
0
0
0
0
0
0
0
.11
0
.16
0
0
.05
0
.88
.11
.05
0
0
0
0
0
0
.11
0
0
0
0
0
.05
0
0
0
0
0
0
0
0
0
0
0
0
0
0
0
0
0
0
.05
0
0
0
0
0
0
0
0
0
0
0
0
0
.44
0
0
0
0
0
0
.05
0
0
0
0
0
0
0
0
0
0
0
0
0
.05
0
0
.05
0
0
.16
.05
0
0
0
.05
0
0
0
0
0
0
0
0
0
0
0
0
.05
0
0
0
0
0
0
0
0
0
0
0
0
0
.05
.05
0
0
0
0
0
0
0
0
.05
0
0
0
0
0
0
0
0
0
0
0
0
0
0
.05
.05
0
0
0
0
0
0
.11
0
0
0
0
0
0
0
0
0
0
0
.05
.16
0
0
0
0
0
.05
0
0
0
0
0
0
0
0
0
0
0
0
0
0
0
0
0
0
0
0
0
0
0
0
0
0
0
0
0
0
0
0
0
.05
0
0
.05
0
0
0
0
0
0
0
0
0
0
0
.33
0
0
0
0
0
0
0
0
0
0
0
0
0
0
.05
0
0
0
0
0
0
0
0
0
0
0
0
0
0
0
0
0
0
0
0
0
0
0
.05
.05
0
0
.05
0
0
0
0
0
0
0
0
0
0
0
0
0
0
0
0
0
0
0
0
0
0
0
0
0
.05
.33
0
0
0
0
0
0
0
0
0
0
0
0
0
0
