0
0
0
0
0
0
0
0
0
0
0
0
0
.04
0
0
0
0
0
0
0
0
0
0
0
0
0
0
0
0
0
0
0
0
0
0
0
0
0
.04
0
0
0
0
0
0
0
.02
0
0
0
0
0
0
0
.02
0
0
0
0
0
0
.02
0
0
0
0
0
0
.02
0
0
0
0
0
.04
0
0
0
0
0
0
0
.02
0
0
.06
0
0
0
0
.02
0
.02
0
0
0
.02
0
0
0
0
0
0
0
0
0
0
0
0
0
.02
.04
0
0
0
0
0
0
0
0
0
0
0
0
0
0
0
0
0
0
.24
0
0
0
.20
0
0
0
0
0
0
0
.02
0
.22
0
0
0
0
0
0
0
0
0
0
0
0
0
0
0
0
0
0
0
.04
0
0
0
0
0
0
0
0
0
0
0
.14
0
.02
0
0
0
0
0
.06
0
0
0
0
0
0
0
0
0
0
0
.08
0
0
0
0
0
0
0
0
0
0
0
0
0
0
0
0
0
0
.06
0
.02
0
0
0
0
0
.04
0
.08
.06
0
0
0
0
0
0
0
0
0
0
0
0
0
0
0
0
0
0
0
0
0
0
0
0
0
0
0
0
0
0
0
0
0
0
0
0
0
0
0
0
0
.04
0
0
0
0
0
0
0
0
0
0
0
0
0
0
0
0
0
.06
0
0
0
.02
0
.04
0
0
0
0
0
0
0
0
0
0
.02
0
0
0
0
0
0
0
0
0
0
.12
0
0
0
.02
.04
0
0
0
0
.02
0
0
0
0
0
0
0
0
.06
0
.04
0
0
0
0
0
0
0
0
0
0
0
0
0
0
0
0
0
0
0
0
