0
0
0
0
.04
.38
0
.04
0
0
0
0
0
0
0
0
.08
0
0
0
0
0
0
0
0
0
0
0
0
0
0
.10
0
0
0
0
0
0
0
0
0
0
0
0
0
0
0
.04
0
0
.02
.20
0
0
0
0
0
0
0
0
0
0
0
0
0
0
0
0
0
0
0
0
.04
.10
0
0
0
0
0
0
0
0
0
0
0
0
0
0
0
0
0
0
0
0
0
0
0
.56
0
0
0
0
0
0
0
0
.02
0
0
0
0
0
0
0
0
0
0
0
0
.08
.02
0
0
0
0
.30
.36
0
0
.02
0
0
0
0
0
.02
0
0
0
0
0
0
.02
0
0
0
0
0
0
0
0
.02
0
.10
0
.14
0
0
0
0
0
0
0
0
0
0
0
0
0
0
0
.16
0
0
0
0
0
0
0
0
0
0
0
0
0
0
.06
0
0
0
0
0
0
.02
0
0
0
0
0
0
0
0
0
0
0
0
0
0
0
0
0
0
0
0
0
0
0
0
0
0
0
0
0
0
0
0
0
0
0
0
0
0
0
0
0
0
0
0
0
0
.32
.02
0
0
0
0
.40
0
0
.02
0
.02
0
0
0
0
0
0
0
.04
0
.02
0
0
0
0
0
0
0
.04
0
0
0
0
0
0
0
0
0
0
0
0
0
0
0
0
0
0
0
0
0
0
0
0
0
0
0
0
0
0
0
0
0
0
0
0
0
0
0
0
0
0
0
0
.16
0
0
.16
0
0
0
0
0
0
0
.02
0
0
0
0
0
.02
0
0
.04
.04
0
0
0
0
0
0
0
.04
0
.10
0
0
0
.10
0
0
0
0
0
0
0
