0
0
0
.03
.04
.06
0
.01
.03
.03
0
0
0
0
0
0
0
0
0
0
.01
0
0
0
0
0
0
0
0
0
.01
0
0
0
0
0
0
0
.15
0
0
0
.01
0
0
0
0
0
0
.01
0
0
0
0
0
0
0
0
.13
0
0
.01
0
0
0
0
0
0
0
0
0
0
0
0
0
0
.01
0
0
0
0
0
0
0
0
0
0
0
0
0
.01
0
0
0
0
.03
0
0
0
0
0
0
.01
0
.46
0
0
0
.24
.03
0
0
0
0
0
0
.01
0
0
0
0
0
0
0
0
0
.26
.01
0
0
.01
0
0
.44
.63
0
0
0
0
0
0
0
0
0
0
0
0
0
0
0
.01
0
0
0
0
0
0
0
0
0
0
.01
0
0
0
0
0
.01
0
.01
0
0
0
.06
0
0
.01
.04
0
0
0
.03
.01
0
0
0
0
0
0
0
0
0
.13
0
0
0
0
0
0
0
0
0
0
0
0
0
.03
0
0
0
0
0
0
0
0
0
0
0
0
0
0
0
0
0
.01
0
0
0
0
0
0
.01
0
0
0
0
0
0
0
0
0
0
0
0
0
0
0
0
.20
0
0
.03
0
0
0
0
0
0
.01
0
0
0
0
0
0
0
0
0
0
0
0
0
0
0
0
0
.01
0
0
0
0
0
0
0
0
0
0
0
0
0
0
0
0
0
0
0
0
0
0
.04
0
0
0
0
0
0
0
0
0
0
0
0
0
0
0
0
0
0
.01
.01
0
.18
0
0
0
0
0
0
0
0
0
0
0
0
0
.04
0
0
.09
1.35
.03
0
0
0
0
0
0
0
.01
0
.04
0
0
0
0
0
0
0
0
0
0
