0
0
.71
0
.07
0
0
0
0
0
0
0
0
0
0
0
.57
0
0
0
0
0
0
0
0
0
0
0
0
0
0
0
0
0
0
0
0
0
0
0
0
0
0
0
0
0
0
0
0
0
.07
0
0
0
0
0
0
.07
0
0
0
0
0
0
0
0
0
0
0
0
.07
0
0
0
0
0
0
0
0
0
0
0
0
.14
0
.28
.07
.21
0
.21
0
0
.14
0
0
0
0
0
0
0
0
0
0
0
0
0
.07
0
0
0
0
0
0
0
0
0
.14
0
.07
0
0
.14
0
0
0
0
0
0
0
0
.14
0
0
0
0
0
0
0
0
0
.50
0
0
0
0
0
.14
0
.14
0
0
0
0
0
0
0
0
0
0
0
0
.50
0
0
0
0
0
0
0
.07
0
0
0
0
0
0
0
0
0
0
.07
.07
0
0
0
0
0
0
0
0
0
0
0
0
0
0
.35
.07
0
0
0
0
0
0
.92
0
.21
0
0
0
0
0
0
0
0
0
0
0
0
0
.35
0
0
0
0
0
0
0
0
0
0
0
0
0
0
0
0
0
0
0
0
0
0
0
0
0
0
0
0
0
0
0
0
0
0
0
.07
0
0
0
0
0
0
0
.14
0
0
0
0
0
0
0
0
0
0
0
0
0
0
0
0
0
0
0
0
0
0
.07
0
0
0
0
0
0
0
.07
.50
0
0
.35
0
0
0
0
0
0
0
0
0
.14
.28
0
.50
.28
0
.14
.07
0
0
0
0
.14
0
0
0
0
0
0
0
0
0
0
0
0
0
0
0
0
0
0
0
0
0
0
0
0
0
0
0
0
0
0
0
0
0
0
0
0
0
0
0
