0
0
0
0
0
.08
0
0
0
.02
0
0
.02
0
0
0
.08
0
0
0
0
0
0
0
0
0
0
0
0
.08
0
.06
0
0
0
0
0
0
0
0
0
0
0
0
0
0
0
.04
0
0
0
.18
0
0
0
0
0
0
0
0
0
0
0
0
0
0
0
0
0
.02
0
0
0
.02
0
0
0
0
0
0
0
0
0
.02
0
.02
0
0
0
0
0
0
0
0
0
0
0
.58
0
0
0
.10
0
0
0
0
0
0
0
.04
0
0
0
0
0
0
0
0
0
.22
.04
0
0
0
0
.42
.26
0
0
0
0
0
0
0
0
.06
0
0
0
0
0
0
0
0
0
0
0
0
0
0
0
0
0
.02
0
.02
0
0
0
0
0
0
0
0
0
0
0
.20
0
0
0
.06
0
0
0
0
0
0
0
0
0
0
0
0
0
0
1.46
0
0
0
0
0
0
0
0
0
0
0
0
0
0
0
0
0
0
0
0
0
0
0
0
0
0
.02
0
0
0
0
0
0
0
.08
0
0
0
0
0
0
0
0
0
0
0
0
0
0
0
0
0
0
.28
0
0
.06
.02
0
.24
0
0
0
0
0
0
0
0
0
0
0
0
0
0
0
0
0
0
0
0
0
0
.14
0
0
0
0
0
0
0
0
0
0
0
0
.02
0
0
0
0
0
0
0
0
0
0
0
0
0
0
0
0
0
0
0
0
0
0
0
0
0
0
0
0
0
0
0
.02
0
0
.14
0
0
0
0
0
0
0
.02
0
0
0
0
0
0
0
0
.12
.08
0
0
0
0
0
0
0
0
0
.04
0
0
0
.04
0
0
0
0
0
0
0
