0
0
1.30
0
.01
0
0
0
0
0
0
0
0
0
0
0
.08
0
.11
.15
0
0
0
0
0
0
0
0
0
.06
0
.01
0
0
.01
0
0
0
0
.01
0
0
0
0
0
.20
0
0
0
0
.35
0
.06
0
0
0
0
.55
0
0
0
.06
0
.08
0
0
.01
0
.10
.06
0
0
0
0
.01
0
.05
.01
.01
.05
0
0
0
.70
0
.06
.01
.06
0
.03
0
.03
.06
.01
0
0
0
0
0
0
0
0
0
.03
.01
0
.01
0
0
0
0
0
0
0
0
.01
.68
0
.01
.03
0
0
0
.05
0
0
0
0
0
0
.06
0
0
0
0
0
0
.01
0
0
.20
0
.01
0
0
0
.06
0
.11
0
0
0
.05
0
0
0
0
0
0
0
.11
.35
0
0
0
0
0
0
0
0
.05
0
0
0
0
.01
.03
0
.06
0
.01
.01
0
0
0
0
0
0
0
0
0
0
0
0
0
0
.05
.01
0
0
0
0
0
0
.33
0
.05
.01
.01
0
0
0
.01
0
0
.26
.13
.03
0
.01
.03
.05
.01
0
0
0
0
.08
0
.03
0
.21
0
0
0
.03
.01
.01
.06
.03
0
0
0
0
0
0
0
0
0
0
0
.03
0
0
0
0
.01
0
0
0
0
.03
0
0
.03
.01
0
0
.03
0
0
.01
0
0
0
.08
0
0
0
0
0
0
0
.01
0
0
0
.03
0
0
0
.03
0
0
0
.05
.88
0
0
.08
0
0
0
0
0
0
0
.01
0
0
.01
.01
.10
0
0
.70
.56
0
0
.01
0
.06
0
0
0
0
0
0
0
0
.08
0
0
0
0
0
0
0
0
0
0
0
0
0
0
.01
.05
0
0
.16
0
0
0
0
0
0
0
0
0
0
0
