0
0
0
0
0
0
0
0
0
0
0
0
.04
0
.07
.14
.02
0
0
0
0
0
.35
.02
0
0
0
0
.71
0
0
0
.02
0
0
0
0
0
.19
0
0
.02
0
0
.76
0
0
.02
0
0
.85
0
.02
0
0
0
.07
0
0
0
0
.07
.02
0
0
0
0
0
0
0
0
.04
.16
0
0
0
.23
0
0
0
0
0
0
0
.04
.07
0
0
0
0
0
0
0
0
0
0
0
0
0
0
0
0
0
0
0
0
0
0
0
0
0
0
0
0
0
0
.02
0
0
0
0
0
0
.02
0
0
0
0
0
.07
0
0
.04
.16
0
0
0
0
0
.04
0
0
0
0
0
0
0
0
0
0
0
0
0
0
.47
0
0
0
0
0
0
0
0
.02
0
0
0
0
0
.02
0
0
.09
0
0
0
0
0
0
0
0
0
0
0
0
0
0
0
0
0
0
0
0
0
0
0
0
0
0
.38
0
0
0
0
0
0
0
0
0
0
.07
.04
.02
0
0
0
.04
.04
0
0
0
0
.04
0
0
.14
.78
.26
0
0
0
0
0
0
.11
0
0
0
0
0
0
0
0
0
0
0
.11
0
0
0
0
0
0
0
0
0
0
0
0
0
0
0
0
0
0
0
0
0
0
0
0
0
0
0
0
0
0
.02
0
0
0
0
0
0
0
.02
.50
0
0
0
0
0
0
.02
0
0
0
0
0
0
0
0
0
0
0
0
0
0
.02
0
0
.23
.11
0
0
0
0
.04
0
0
0
0
0
0
0
0
0
0
0
0
0
0
0
0
0
0
0
0
0
0
0
.11
.02
0
.09
0
0
0
0
.02
0
0
0
0
0
0
.07
