0
0
0
.06
0
0
0
0
.10
0
0
0
0
.06
.03
0
.03
.06
0
.06
0
0
.03
0
0
0
0
0
0
0
0
0
0
0
0
0
0
0
0
0
0
0
.03
0
0
.13
0
.03
0
0
0
0
0
.06
0
.03
0
0
0
0
0
.06
0
.03
0
0
0
0
.03
.03
.44
.03
0
0
0
0
.03
0
0
0
0
0
0
0
0
0
0
0
0
0
.03
0
0
.03
0
0
0
0
0
0
0
0
.06
.34
0
0
0
0
0
0
0
0
0
0
0
0
.10
0
0
.37
0
0
0
0
0
0
.03
0
0
0
.06
0
0
0
0
0
0
0
0
0
0
0
0
.03
0
0
0
0
.03
0
.06
0
0
0
0
0
.06
0
0
0
0
.06
.03
0
0
0
0
.06
0
0
0
0
0
.03
0
0
0
0
0
0
0
.03
0
0
0
.10
0
0
0
0
0
0
0
0
0
0
0
0
0
0
.27
0
0
0
.06
0
.03
0
.06
.03
0
0
.06
.03
0
.06
0
0
0
0
0
.06
.03
0
.10
0
0
0
0
0
0
0
0
0
0
0
0
0
0
0
0
0
0
0
0
0
0
0
0
0
0
.20
0
0
0
0
0
0
.03
0
0
.03
0
0
0
0
0
0
0
0
0
0
0
0
0
.03
.17
0
0
0
.03
0
0
0
0
0
0
.06
0
0
0
0
0
0
0
.06
0
0
0
.06
0
0
0
0
0
0
0
.06
.03
0
0
0
.06
0
0
0
0
0
0
.06
0
.03
0
0
0
0
0
0
.03
.03
0
0
0
0
0
0
0
0
.06
0
0
0
0
0
0
0
0
0
0
0
0
0
0
0
0
0
0
0
0
0
0
