0
0
0
.01
.01
0
0
.03
0
0
0
0
0
0
0
0
0
0
0
0
0
0
0
0
.03
0
0
0
0
0
0
0
0
0
0
0
.01
0
0
0
0
0
0
.14
0
0
0
.01
0
0
0
0
0
0
0
0
0
0
0
0
0
0
0
0
0
0
0
0
.04
0
0
0
0
0
0
0
0
0
0
0
.09
0
0
0
0
0
0
0
0
0
0
0
0
0
0
0
0
0
0
0
0
.36
0
0
0
0
0
0
0
0
0
0
0
0
0
0
0
0
0
0
0
0
0
0
0
0
0
0
0
0
0
0
0
0
0
0
0
0
0
0
0
0
0
0
0
0
.03
0
0
0
.01
0
0
0
0
0
0
0
.03
0
0
.36
.01
0
0
0
0
0
0
.01
0
0
0
0
0
0
0
0
0
0
0
.01
0
0
0
0
0
0
0
0
0
0
0
0
0
0
0
0
0
0
.01
0
0
0
.01
0
0
0
0
0
0
0
0
0
0
0
0
0
0
0
0
0
0
0
0
0
0
0
.09
0
.03
.01
0
0
0
0
0
0
0
0
0
0
0
0
0
0
0
.06
0
0
0
.01
0
0
0
0
0
0
0
0
0
0
0
0
0
0
0
0
.01
0
0
0
0
0
0
0
0
0
0
0
0
0
0
.01
0
0
0
0
0
.13
0
.01
0
0
0
0
0
0
0
0
0
0
0
.01
0
0
0
.03
0
0
0
0
.01
0
0
0
0
0
0
0
0
0
0
0
0
0
.03
0
0
0
0
.01
0
0
0
0
0
0
.03
0
0
.16
0
0
0
0
0
0
0
0
.01
0
0
0
0
0
0
0
0
0
0
