.01
0
0
.22
0
0
0
0
.01
0
0
0
0
.15
0
0
0
0
0
.03
0
0
0
0
0
.02
0
0
0
0
0
0
0
0
0
0
0
0
.41
0
0
0
.05
0
.01
.01
0
0
0
.02
0
0
.01
0
0
0
0
0
0
0
0
0
0
0
0
0
0
0
0
0
0
0
0
0
0
0
.01
0
0
.06
0
0
0
0
0
0
0
0
0
0
0
0
0
0
0
0
0
0
0
0
0
0
.01
0
.09
0
0
.01
.34
.02
0
0
0
0
0
0
.04
0
0
0
.01
0
0
0
0
0
.01
0
0
0
.01
0
0
.09
.24
0
0
.07
0
0
.01
0
0
0
0
0
.02
0
.02
0
.14
0
0
0
0
0
0
0
0
0
0
.08
0
0
0
0
0
.02
0
.01
0
0
0
.25
0
0
0
.02
0
0
0
.05
.03
0
0
.01
0
0
0
0
0
0
.01
0
0
0
0
0
0
.02
0
.01
0
0
.01
0
0
0
0
.03
0
0
0
0
0
0
0
0
0
.01
0
.02
.03
0
.01
0
0
0
0
.11
.01
.06
.02
.01
.01
0
0
0
0
0
0
0
0
0
0
0
0
0
.01
0
0
.12
.02
0
0
0
0
0
.08
0
0
0
0
0
0
0
0
0
.05
0
0
0
0
0
0
.01
.02
0
0
0
.26
0
0
.04
0
0
0
0
.01
0
0
0
0
0
0
0
0
0
0
.02
0
0
0
0
0
0
0
0
0
0
0
0
0
.03
0
0
0
.01
0
.02
0
.34
0
0
.01
0
0
0
0
0
0
.01
0
0
0
.05
.01
0
.13
0
0
0
.02
0
0
0
0
0
0
0
.13
0
0
0
0
.01
0
0
0
0
0
