0
0
0
.06
0
.12
0
.16
0
0
0
0
0
0
0
.03
.12
0
0
0
0
0
0
0
0
0
0
.06
0
0
0
.06
0
0
0
0
0
0
0
0
0
0
0
0
.03
0
0
0
0
0
0
.22
0
0
0
0
0
0
0
0
0
0
0
.06
.03
0
0
0
0
.06
0
0
0
0
0
0
0
0
0
0
0
0
0
.06
0
0
0
0
0
0
0
0
0
0
0
.03
.03
.74
0
0
0
.06
0
0
0
0
.12
0
0
.09
0
0
0
0
0
0
0
0
0
0
0
0
0
0
0
.22
.12
0
0
0
0
0
0
0
0
.25
0
0
0
0
0
0
0
0
0
0
0
0
0
0
0
0
0
0
0
.03
0
0
0
.03
0
0
0
.03
0
0
0
.03
0
0
0
.03
0
0
0
0
.03
0
0
0
0
0
0
0
0
0
0
0
0
0
0
0
0
0
0
0
0
0
0
0
0
0
0
0
0
0
0
0
0
0
.03
0
0
0
0
.03
0
0
0
0
0
0
0
0
.16
0
.03
0
0
0
0
0
0
0
0
0
0
0
0
0
.29
0
0
0
0
0
.12
0
0
.03
0
0
0
0
0
0
0
0
0
0
0
0
0
0
0
0
0
0
0
.12
0
0
0
0
0
0
0
0
0
0
0
0
.03
0
0
0
0
0
0
0
0
0
0
0
0
0
0
0
0
0
0
0
0
0
0
0
0
0
0
.03
0
0
0
0
.16
.03
0
.03
0
0
0
0
0
0
.03
0
0
0
0
0
0
0
0
0
.06
0
.03
0
0
0
0
0
0
0
.06
.03
0
0
0
0
0
0
0
0
0
0
0
