0
0
.38
.04
0
0
0
0
0
0
0
0
0
0
0
0
0
0
.06
.04
0
0
0
0
0
0
0
0
0
0
0
.06
0
0
.06
0
0
0
0
0
0
.02
0
0
0
.22
0
0
0
.02
.15
0
.13
0
0
0
0
.20
0
0
0
.15
.06
.18
0
0
0
0
.27
.13
0
0
0
0
0
0
.06
0
0
0
0
0
.02
.61
0
0
0
0
0
0
0
0
0
0
0
.04
0
0
0
0
0
0
0
.04
0
0
0
0
0
0
0
0
0
0
0
0
1.45
0
0
0
0
0
0
.02
0
0
0
0
0
0
.18
.06
0
0
0
0
0
.02
.09
0
.04
0
0
0
0
0
.02
0
.13
0
0
0
.09
0
0
0
0
0
0
0
.02
.06
0
0
0
0
0
0
0
0
.13
0
0
0
0
0
.04
0
.09
0
0
.02
.02
0
0
.04
0
0
0
0
0
0
0
0
0
0
0
0
0
0
.04
.02
0
0
.09
0
0
0
.02
0
0
0
.02
0
0
.09
.06
0
0
0
.02
.15
0
0
0
0
.13
.09
0
.06
0
0
0
0
0
.04
0
0
0
.02
0
0
0
0
0
0
0
0
0
0
0
0
0
0
0
0
0
0
0
0
0
.06
0
0
.02
0
0
0
.13
0
0
0
0
0
0
.27
.02
0
0
0
0
0
0
0
0
0
0
0
0
0
0
0
0
0
0
0
.29
0
0
.04
0
.02
0
0
0
0
0
.02
0
0
.02
0
.04
0
0
.61
.45
0
0
.11
.04
0
0
.13
0
0
0
0
0
0
0
0
0
0
0
0
0
0
.02
0
0
0
0
0
0
.04
.06
0
0
.02
0
0
0
0
.02
.02
0
0
0
0
0
