0
0
0
.03
.02
0
0
.02
0
0
0
0
0
.01
0
.01
0
0
.01
.03
0
0
0
0
0
0
0
.01
0
0
0
.01
0
0
0
.02
0
0
0
0
0
0
0
0
.05
.11
0
.07
0
.02
.05
0
0
0
0
0
0
.03
0
.04
.04
.03
0
.08
0
0
0
0
.16
.06
.10
0
0
0
0
0
.18
0
0
.01
0
0
0
.12
0
0
0
0
0
0
0
0
0
.30
.01
0
.05
0
.02
0
.01
0
.01
.01
.02
0
0
0
.02
0
0
0
0
0
0
0
.15
.01
.03
.04
.04
0
0
0
0
0
0
0
0
0
.03
.04
0
0
0
0
0
.04
0
0
.67
0
0
.02
0
0
0
0
.05
0
.10
0
.09
0
0
0
0
0
0
0
0
.10
.10
0
.01
.01
.01
0
0
.01
.01
0
0
0
0
0
.02
.01
.04
0
0
.05
.03
0
0
.04
0
0
.01
0
0
.02
0
0
0
0
.09
.04
0
0
.14
.07
0
0
0
0
.02
0
.01
0
0
0
.01
0
.06
.02
0
0
0
0
.01
.10
0
0
0
.01
0
.03
0
.01
0
0
0
0
0
.01
0
0
0
0
0
0
0
0
0
0
0
.01
0
0
0
.06
0
0
0
0
.01
0
0
0
0
.01
0
0
0
0
0
.02
.01
0
0
0
0
.11
0
0
0
0
0
0
0
0
0
0
0
.01
.10
.01
0
.02
0
0
0
.04
.01
.03
0
0
0
.02
0
0
0
0
.01
.02
0
.14
0
.07
.20
0
0
.06
0
.12
.09
.01
0
.05
0
0
0
0
0
.12
.01
0
0
.01
0
0
.02
0
0
.02
0
0
.02
.01
.04
0
.02
0
0
.10
.24
0
0
.05
0
0
0
0
0
.02
.03
0
0
0
0
