0
0
0
.06
0
0
0
0
0
0
0
0
0
0
0
0
0
0
0
0
0
0
0
0
0
0
0
0
0
0
0
.08
0
0
0
0
0
0
0
0
0
0
0
0
0
0
0
.06
0
0
.06
.06
0
0
0
.02
.02
0
0
0
0
.02
0
0
0
0
0
0
0
0
0
0
0
0
0
0
0
0
0
0
0
0
0
0
0
0
0
0
0
0
0
0
0
0
0
0
0
.10
0
0
0
.52
0
0
0
0
0
0
0
0
0
0
0
0
0
0
0
0
0
.06
.44
0
0
0
0
.04
0
0
0
0
.02
0
0
0
0
0
0
0
0
0
0
.08
0
.06
0
0
0
0
0
0
.02
0
0
0
.02
.04
0
0
0
0
0
.06
0
0
.06
0
0
0
0
0
.02
0
0
0
0
0
0
0
0
.18
0
0
0
0
0
0
0
0
0
0
0
0
0
0
0
0
0
0
0
0
0
0
0
0
0
0
0
0
0
0
0
0
0
0
0
0
.04
0
0
.02
0
0
.06
0
.48
0
0
0
0
0
0
0
0
0
0
0
0
0
0
0
0
0
0
.14
0
0
.22
0
0
0
0
0
0
0
.02
0
0
.02
0
0
0
0
0
0
0
0
0
0
0
.18
0
.06
0
0
0
.02
0
0
0
0
0
0
.02
0
0
0
0
0
0
0
0
.02
0
.08
0
0
0
0
0
0
0
0
0
0
0
0
0
0
0
0
0
0
0
0
.04
.04
0
.22
0
0
0
0
0
0
0
.04
0
.48
0
0
0
.02
0
0
.14
0
0
0
0
0
0
0
0
0
0
.10
0
0
0
0
0
0
0
0
0
0
0
