.01
0
0
.08
.01
.04
0
.02
.01
0
0
0
0
0
0
0
0
.01
0
.01
0
0
0
0
0
0
0
0
0
0
0
0
0
0
0
0
0
0
.25
0
.02
0
.02
0
.02
0
0
0
0
0
0
0
0
0
.01
0
0
0
0
0
0
0
0
0
0
0
0
0
0
.03
0
0
0
0
0
0
0
0
0
.04
0
0
0
0
0
0
0
0
0
0
0
0
.01
0
0
0
0
0
0
0
0
0
.01
0
.44
0
0
0
.04
.13
0
0
0
0
0
0
0
0
0
0
0
0
0
0
0
0
.02
0
0
0
0
0
0
.23
.02
0
0
0
0
0
0
0
0
0
0
0
0
0
.01
.03
.08
0
0
0
0
0
0
0
0
0
0
.06
0
0
0
.01
0
0
0
0
0
0
0
.09
0
0
0
.18
0
0
0
.02
.01
0
0
.05
0
0
0
0
0
0
0
0
0
0
0
0
0
.01
0
0
0
0
0
0
.01
0
0
0
0
0
0
0
0
.02
0
0
.10
0
0
.01
0
.01
0
0
.01
0
0
.02
.08
.14
.03
0
0
0
0
0
0
0
0
0
0
0
0
0
0
0
1.09
.01
0
.10
0
0
0
0
.01
0
.03
0
0
0
0
0
0
0
0
0
0
0
0
0
0
0
0
0
0
.01
0
0
0
.01
0
0
0
0
0
0
0
0
0
0
0
0
0
0
0
.02
0
0
0
0
0
0
0
0
0
0
0
0
0
0
0
0
0
0
0
0
.01
0
0
.09
0
0
0
0
0
0
0
0
0
0
0
0
0
.03
0
0
.05
0
0
0
.02
0
0
0
0
0
0
.01
.03
0
0
0
0
0
0
0
0
0
0
