0
.02
.02
.02
0
0
0
0
0
0
0
0
0
0
0
.06
0
0
0
0
0
0
0
.04
0
.02
0
0
0
0
0
0
.04
0
.02
0
0
0
.12
0
0
.06
0
0
.10
0
0
.04
0
0
0
0
0
0
.14
0
.12
0
0
0
0
.31
.02
.06
0
0
0
0
0
.06
.04
0
0
0
0
0
.12
0
0
0
0
0
0
0
0
0
0
0
0
0
0
0
0
.04
.04
0
0
0
0
0
0
0
0
0
0
0
0
0
.02
.77
0
0
0
0
0
0
.08
0
0
0
0
0
.06
.02
0
0
0
0
0
0
0
0
.14
0
.04
.37
.04
.02
0
0
0
.06
0
0
0
.06
0
0
0
0
0
0
0
0
.02
.06
0
0
0
0
0
0
0
0
0
0
0
0
0
0
0
0
.04
0
0
.02
.08
0
0
.02
0
0
0
0
0
0
0
0
0
0
.10
0
0
0
.08
.02
0
0
0
0
0
0
0
.06
0
0
0
.06
0
0
.06
.04
0
0
0
.02
.08
0
0
0
0
0
.16
0
0
0
0
0
0
0
.02
0
0
0
0
0
0
0
0
0
0
0
0
.02
0
0
0
0
0
0
0
0
0
0
.02
0
.02
.04
0
0
0
.08
0
0
0
0
0
0
.25
0
.16
.02
0
0
0
0
0
0
0
0
0
0
0
0
0
0
0
0
0
0
.04
0
0
0
0
0
0
0
0
0
0
0
0
.02
0
0
0
0
0
.10
0
.12
.08
0
0
.02
0
0
0
0
0
0
0
0
0
0
0
0
0
0
0
0
0
0
.02
0
0
0
0
0
.06
.43
0
0
.16
0
0
0
0
0
0
0
0
0
0
0
0
