0
0
0
0
0
0
0
0
0
0
0
0
0
0
.02
0
0
0
0
0
0
0
.04
.02
0
0
.02
0
.04
0
0
0
0
0
0
0
0
0
.04
0
0
0
0
0
.20
0
0
0
0
0
.04
0
0
0
0
0
0
0
0
0
0
0
.02
0
0
0
0
0
0
0
0
0
0
.02
0
0
0
0
0
0
0
0
0
0
0
.06
0
0
0
0
0
0
0
0
0
0
0
.10
0
0
0
0
0
0
0
0
0
0
.02
0
0
0
0
0
0
0
.02
0
0
0
0
0
0
.02
0
.06
.06
0
0
0
0
0
.02
.04
0
.06
0
0
0
0
0
0
0
0
0
.12
.04
0
0
0
0
0
0
0
1.06
.08
0
0
0
0
0
0
0
0
0
0
.08
0
0
0
.22
0
0
0
0
0
0
0
0
0
0
0
0
0
0
0
0
0
0
0
0
0
0
0
.02
0
0
0
0
0
0
0
0
.04
0
0
0
.04
0
0
0
0
0
0
0
0
.04
0
0
0
0
0
.10
0
0
0
.10
0
0
0
.06
0
0
0
.04
0
0
0
0
0
0
0
0
0
0
0
0
0
0
0
0
0
0
0
0
0
0
0
.08
0
0
0
0
0
0
0
0
.02
0
0
0
0
0
0
0
0
0
0
0
0
0
0
0
0
0
0
0
0
0
0
0
0
0
0
0
0
0
0
0
0
0
0
0
0
0
0
0
0
0
0
0
0
0
0
0
0
0
0
0
0
0
0
0
0
0
0
0
0
0
0
0
0
0
0
.02
0
0
0
0
0
0
0
0
0
.22
0
0
0
0
0
0
0
0
0
0
0
0
