0
0
0
0
.05
0
0
.02
.05
0
0
0
0
0
0
0
0
0
.05
.02
.13
.05
0
0
0
0
0
0
0
0
.02
0
0
0
0
0
0
0
0
0
0
0
0
0
0
.02
0
.02
0
0
0
0
0
0
0
0
0
0
.50
0
0
0
0
0
0
0
0
0
0
0
.02
0
0
0
0
0
.07
0
0
0
.05
0
0
0
0
0
0
0
0
0
.05
0
.02
0
0
0
0
0
0
0
0
0
0
0
1.63
0
0
0
.02
0
0
0
0
0
0
0
.05
0
0
0
0
0
0
0
0
0
.31
.05
0
0
0
0
0
.55
.15
0
0
.02
0
0
0
0
0
0
0
0
0
0
0
0
0
0
0
0
0
0
0
0
0
.05
0
.02
.02
0
0
0
0
.02
0
.10
0
0
0
0
0
0
0
.52
0
0
0
.05
0
.05
0
0
0
0
0
0
0
0
0
0
0
0
0
0
0
0
.02
0
0
0
0
0
0
0
0
0
0
0
0
0
0
0
0
0
.02
0
0
0
.02
0
0
0
.13
0
0
0
0
0
0
0
0
0
0
0
0
0
0
0
0
0
0
0
0
0
.13
0
0
0
.02
0
0
0
.02
0
0
0
0
0
0
0
0
0
0
0
0
0
0
0
0
0
.02
.02
0
0
0
0
.02
0
0
0
0
0
0
0
.02
.02
0
0
0
0
0
0
0
0
0
.05
0
0
0
0
0
0
0
0
0
0
0
0
0
.02
0
0
0
0
.10
0
0
.13
0
0
0
0
0
0
0
0
0
.02
0
0
0
0
0
0
0
.05
0
0
0
0
0
0
0
0
.05
.05
.02
0
0
0
0
0
0
0
0
0
0
