.02
0
0
.46
0
0
0
.02
0
0
0
0
0
0
.14
.02
0
.04
.02
0
0
0
0
0
0
0
0
0
0
0
0
.02
0
0
0
0
0
0
0
0
0
.21
0
0
0
.07
0
0
0
0
.02
0
.07
.02
0
0
0
.02
0
0
0
.07
0
0
0
0
0
0
.09
0
.04
0
0
0
0
0
0
0
0
0
0
.02
.02
0
0
0
0
0
0
0
0
0
0
.12
0
0
0
0
.09
0
0
0
0
.17
0
0
.02
0
0
0
0
0
.04
0
0
0
.56
0
.04
0
.07
0
0
0
.02
0
0
0
0
0
.07
0
0
0
0
.04
0
.02
.04
0
.07
0
0
0
0
0
.04
0
.04
0
.04
0
0
0
0
0
0
0
0
0
0
.04
0
0
0
0
0
0
0
.02
.02
0
0
.02
0
0
0
0
0
0
0
0
.02
0
0
.04
0
0
0
0
0
0
0
0
0
0
.04
.02
0
0
.04
0
0
0
.02
0
0
0
0
0
0
0
0
0
0
0
0
0
0
0
0
.02
0
0
.02
0
0
.04
0
.07
0
0
0
0
0
0
0
0
0
0
0
0
0
0
0
0
0
0
0
0
0
0
0
0
0
0
0
0
.09
.04
0
0
0
0
0
0
0
0
.02
0
0
0
0
0
0
0
.12
0
0
0
0
0
0
0
0
0
0
0
0
0
0
0
0
0
0
.09
0
0
0
.09
0
0
0
0
0
.02
0
.04
0
0
0
0
0
.07
0
0
0
.02
0
.02
.04
0
0
.02
0
0
0
0
0
0
0
.04
0
0
0
.04
0
0
.04
0
.04
0
0
0
0
.02
.02
0
0
0
.02
0
0
0
.02
.02
0
0
0
0
0
