0
0
0
0
0
0
0
0
0
.69
0
0
0
.34
0
0
.04
0
0
0
0
0
0
0
0
0
0
0
0
.17
.21
0
0
0
0
0
0
0
.04
0
0
0
0
0
0
0
0
.08
0
0
0
0
0
0
0
.04
0
0
0
0
0
0
0
0
0
0
0
0
0
0
0
0
0
0
0
0
0
0
0
0
0
0
0
0
0
.04
0
0
0
0
0
0
0
0
0
0
0
0
0
0
0
0
0
0
0
0
0
0
0
0
0
0
0
0
0
0
0
0
0
0
0
0
0
.13
0
0
0
0
0
0
0
0
0
0
0
0
0
0
0
0
0
0
0
.69
0
0
0
0
0
0
0
0
0
0
0
.04
0
0
0
0
0
0
0
0
0
0
0
0
0
0
0
0
0
.04
0
0
0
0
0
0
0
0
0
0
0
0
0
0
0
0
0
0
0
0
0
0
0
0
0
0
0
0
0
0
0
0
0
0
0
0
0
0
0
.21
.08
0
0
.04
0
0
0
0
.04
0
0
0
0
0
0
0
0
0
0
0
0
0
0
0
0
0
0
0
0
.04
0
.04
0
0
0
0
0
0
0
0
0
0
0
0
.04
0
0
0
0
0
0
0
0
0
0
.17
0
0
.04
0
0
0
0
0
0
0
0
0
0
0
0
0
0
0
0
0
0
0
0
0
0
0
0
0
0
0
0
0
0
0
0
0
0
0
0
0
0
0
0
.04
0
.04
0
0
0
0
0
0
0
0
0
.04
0
.08
0
0
0
0
0
0
.13
0
.04
0
0
0
0
0
0
0
0
0
0
0
0
0
0
0
0
0
0
0
0
