0
0
0
0
0
0
.01
.02
0
0
0
0
0
0
0
0
.02
.04
0
0
0
0
0
0
0
0
0
0
0
0
0
0
0
0
0
0
0
0
0
0
0
.01
0
0
0
.34
0
.01
0
0
.02
0
0
0
0
0
0
0
0
0
0
.06
0
.09
0
0
0
0
.14
.01
.51
.02
0
0
0
0
.12
.01
0
0
.03
.12
0
.01
.01
0
0
0
0
0
.02
0
0
0
.01
0
0
0
.01
0
0
0
.02
.03
0
0
0
0
0
0
0
0
0
0
0
.02
.47
0
.03
.14
.02
.04
.03
.02
0
.01
0
0
0
0
.01
0
0
.01
0
0
0
.01
0
.01
.02
0
0
.07
.05
.02
0
0
.10
.01
0
0
0
0
0
0
.01
0
0
0
0
0
0
0
0
0
0
0
0
0
0
0
0
0
0
0
.02
0
.24
0
0
.01
.01
0
0
.08
0
0
0
0
0
.05
0
0
0
0
0
0
0
0
.16
.05
0
0
0
0
0
0
.29
0
0
0
.24
0
0
.01
0
0
0
0
.02
.09
0
0
0
0
0
0
0
.01
0
0
0
0
0
0
0
0
0
0
0
0
0
0
0
0
0
0
0
0
0
0
0
.01
0
0
0
0
0
0
0
.02
0
.01
.07
0
.01
0
.02
0
0
0
0
0
0
.03
.14
.01
0
0
0
0
0
0
0
0
0
.01
0
.01
0
.02
0
.01
0
0
.01
0
0
.06
0
0
0
0
.01
0
0
.04
0
0
0
0
0
.07
0
.01
.01
0
0
.01
0
0
0
0
0
0
0
0
.01
0
0
0
0
0
0
0
0
0
.01
0
.01
0
0
0
0
.02
.19
0
0
.02
0
0
0
0
0
0
0
0
0
0
0
