.01
0
0
.51
0
0
0
0
0
0
0
0
0
.01
.20
.01
0
0
0
0
0
0
0
0
0
.08
0
0
0
0
0
0
0
0
0
0
0
0
0
0
.01
.01
0
0
0
.01
0
0
0
.31
0
0
.18
.01
.03
.11
0
.01
0
0
0
0
0
.03
0
0
0
0
0
0
0
0
0
0
0
0
.03
0
0
0
.01
0
0
.03
0
0
0
0
0
0
0
0
.01
0
0
.10
0
0
.13
0
0
0
0
.33
0
0
.01
0
0
0
0
0
0
0
0
0
.36
0
0
.01
.10
0
0
0
0
0
0
.01
0
0
.03
0
0
0
0
.11
0
.16
.18
0
.01
0
0
0
0
0
.03
0
0
0
.11
0
0
0
0
0
0
0
0
0
0
.01
.03
0
0
0
0
.11
0
.03
.16
0
0
.10
0
0
.01
0
0
0
0
.05
.01
0
0
0
0
0
0
0
0
0
0
0
0
0
0
0
0
0
.03
.01
0
0
0
0
0
0
0
0
0
0
0
0
0
0
0
0
0
.03
0
0
0
0
.01
0
.16
.06
0
.28
0
0
0
0
0
0
0
0
0
0
0
0
0
0
0
0
0
0
0
0
0
0
0
0
0
0
0
0
0
.01
0
0
0
0
.01
0
0
0
.03
0
0
0
0
.01
0
.01
0
0
0
0
0
.01
0
.01
0
0
0
0
0
0
.01
0
0
0
.01
0
0
0
0
0
0
0
0
0
0
0
0
.05
.01
0
0
0
0
0
0
.03
.03
0
0
.13
0
.01
0
.21
0
0
0
0
0
.01
0
.08
0
0
0
.05
0
0
.01
0
.16
0
0
0
0
.01
.01
0
0
0
.06
0
0
0
0
0
0
0
0
0
0
