0
0
0
0
0
.02
0
.04
0
0
0
0
0
.10
0
0
0
.03
0
0
.01
0
0
0
.01
0
0
0
0
0
.02
0
0
0
0
0
0
0
.01
0
0
0
0
0
0
0
0
0
0
0
0
0
0
0
0
0
0
0
.03
0
0
0
0
0
0
0
0
0
0
0
0
0
0
0
0
0
.01
0
0
0
.05
0
0
0
0
0
0
0
0
0
.02
0
0
0
0
0
0
0
0
0
0
0
0
.01
.08
0
0
0
.03
0
0
0
0
.01
0
0
0
0
0
.01
0
0
0
0
0
0
.12
0
0
0
0
0
0
.17
.15
0
0
0
0
.03
0
0
0
0
0
0
0
0
0
0
.02
0
0
0
0
.06
0
.01
0
.05
0
.02
0
0
0
0
0
0
0
0
0
0
0
.01
0
0
0
.02
0
0
0
0
.01
.01
0
.03
0
0
0
0
0
0
.01
0
0
0
0
0
0
0
.01
0
0
0
0
0
0
0
0
0
0
0
0
.02
0
.01
0
0
.01
0
0
.03
0
0
0
0
0
0
0
.02
0
0
.02
0
0
0
0
0
0
0
0
0
0
0
0
0
0
0
.06
0
0
0
0
0
0
0
0
0
0
0
0
0
0
0
0
0
0
0
0
0
0
0
0
0
0
0
.01
0
0
0
0
0
0
0
0
0
0
0
0
0
0
0
0
0
0
0
0
0
0
.02
0
0
0
0
0
0
0
0
0
0
0
0
0
0
.03
.01
0
0
0
.01
0
.04
0
0
0
0
0
0
.01
0
0
.02
0
0
0
0
.02
0
.19
.28
0
0
0
0
0
0
0
.07
.02
0
.01
0
0
0
0
0
0
0
0
0
0
