0
0
0
.16
0
0
0
0
0
0
0
0
0
0
.04
0
0
0
0
.12
0
0
0
0
0
.12
0
0
0
0
0
0
0
0
0
0
0
0
0
0
0
0
0
0
0
0
0
0
0
.04
0
0
.08
.04
0
0
0
0
0
0
0
0
0
0
0
0
0
0
0
0
.12
0
0
0
0
0
.04
0
0
0
0
0
0
.12
0
0
0
0
0
0
0
0
.04
.16
0
.08
0
0
.41
0
0
0
0
.12
0
0
0
0
0
0
0
0
0
0
0
0
.54
0
.04
.04
.04
0
0
.04
0
0
0
0
0
0
0
0
0
0
0
.08
.08
.12
.41
.04
0
0
.04
0
0
0
0
0
0
0
.16
0
0
0
0
0
.04
0
0
0
0
0
0
0
0
0
0
.08
.04
0
.12
0
0
.08
0
0
.04
0
0
0
0
.08
.04
0
0
0
0
0
0
0
0
0
0
0
0
0
0
0
0
0
0
.16
0
0
0
0
0
0
0
0
0
0
0
0
0
0
0
0
0
0
0
0
.04
0
0
0
.20
.04
0
.16
0
.12
0
0
0
0
0
0
0
0
0
0
0
0
0
0
0
0
0
0
0
0
0
.08
0
0
0
0
0
0
0
0
0
0
0
0
0
0
0
0
0
0
0
.04
0
.04
0
0
0
0
0
0
0
0
0
0
0
0
0
0
.04
0
0
0
0
0
0
0
0
0
0
0
0
0
0
.04
0
.04
0
0
0
0
0
0
0
.12
.08
.08
0
0
0
0
0
.16
0
0
0
0
0
0
0
.20
0
0
0
0
0
0
0
0
0
0
0
0
0
0
0
0
0
0
.04
0
0
0
0
0
0
0
0
0
0
